"caller","callee","caller_src","callee_src","start_body_start_line","start_body_end_line","end_body_start_line","end_body_end_line","caller_signature","caller_parameter_string","caller_return_type","caller_return_type_inferred","callee_signature","callee_parameter_string","callee_return_type","callee_return_type_inferred"
"read_bitdepth_colorspace_sampling","vpx_internal_error","/src/libvpx/vp9/decoder/vp9_decodeframe.c","/src/libvpx/vpx/src/vpx_codec.c",2581,2622,116,116,"read_bitdepth_colorspace_sampling(VP9_COMMON *, vpx_read_bit_buffer *) -> void","VP9_COMMON * cm, vpx_read_bit_buffer * rb","void","void","vpx_internal_error(vpx_internal_error_info *, vpx_codec_err_t, const char *) -> void","vpx_internal_error_info * info, vpx_codec_err_t error, const char * fmt","void","void"
"read_bitdepth_colorspace_sampling","vpx_rb_read_literal","/src/libvpx/vp9/decoder/vp9_decodeframe.c","/src/libvpx/vpx_dsp/bitreader_buffer.c",2581,2622,31,31,"read_bitdepth_colorspace_sampling(VP9_COMMON *, vpx_read_bit_buffer *) -> void","VP9_COMMON * cm, vpx_read_bit_buffer * rb","void","void","vpx_rb_read_literal(vpx_read_bit_buffer *, int) -> int","vpx_read_bit_buffer * rb, int bits","int","int"
"read_bitdepth_colorspace_sampling","vpx_rb_read_bit","/src/libvpx/vp9/decoder/vp9_decodeframe.c","/src/libvpx/vpx_dsp/bitreader_buffer.c",2581,2622,17,17,"read_bitdepth_colorspace_sampling(VP9_COMMON *, vpx_read_bit_buffer *) -> void","VP9_COMMON * cm, vpx_read_bit_buffer * rb","void","void","vpx_rb_read_bit(vpx_read_bit_buffer *) -> int","vpx_read_bit_buffer * rb","int","int"
