"caller","callee","caller_src","callee_src","start_body_start_line","start_body_end_line","end_body_start_line","end_body_end_line","caller_signature","caller_parameter_string","caller_return_type","caller_return_type_inferred","callee_signature","callee_parameter_string","callee_return_type","callee_return_type_inferred"
"mse2psnr","log10","/src/libvpx/tools/tiny_ssim.c","/usr/include/x86_64-linux-gnu/bits/mathcalls.h",79,90,107,107,"mse2psnr(double, double, double) -> double","double samples, double peak, double mse","double","double","log10(double) -> double","double __x","double","double"
