"caller","callee","caller_src","callee_src","start_body_start_line","start_body_end_line","end_body_start_line","end_body_end_line","caller_signature","caller_parameter_string","caller_return_type","caller_return_type_inferred","callee_signature","callee_parameter_string","callee_return_type","callee_return_type_inferred"
"t2p_write_pdf_stream_end","TIFFError","/src/libtiff/tools/tiff2pdf.c","/src/libtiff/libtiff/tif_error.c",4613,4621,46,46,"t2p_write_pdf_stream_end(TIFF *) -> tsize_t","TIFF * output","tsize_t","signed long","TIFFError(const char *, const char *) -> void","const char * module, const char * fmt","void","void"
"t2p_write_pdf_stream_end","TIFFError","/src/libtiff/tools/tiff2pdf.c","/src/libtiff/libtiff/tif_error.c",4613,4621,46,46,"t2p_write_pdf_stream_end(TIFF *) -> tsize_t","TIFF * output","tsize_t","signed long","TIFFError(const char *, const char *) -> void","const char * module, const char * fmt","void","void"
"t2p_write_pdf_stream_end","t2pWriteFile","/src/libtiff/tools/tiff2pdf.c","/src/libtiff/tools/tiff2pdf.c",4613,4621,442,442,"t2p_write_pdf_stream_end(TIFF *) -> tsize_t","TIFF * output","tsize_t","signed long","t2pWriteFile(TIFF *, tdata_t, tmsize_t) -> tmsize_t","TIFF * tif, tdata_t data, tmsize_t size","tmsize_t","signed long"
"t2p_write_pdf_stream_end","t2pWriteFile","/src/libtiff/tools/tiff2pdf.c","/src/libtiff/tools/tiff2pdf.c",4613,4621,442,442,"t2p_write_pdf_stream_end(TIFF *) -> tsize_t","TIFF * output","tsize_t","signed long","t2pWriteFile(TIFF *, tdata_t, tmsize_t) -> tmsize_t","TIFF * tif, tdata_t data, tmsize_t size","tmsize_t","signed long"
"t2p_write_pdf_stream_end","t2pWriteFile","/src/libtiff/tools/tiff2pdf.c","/src/libtiff/tools/tiff2pdf.c",4613,4621,442,442,"t2p_write_pdf_stream_end(TIFF *) -> tsize_t","TIFF * output","tsize_t","signed long","t2pWriteFile(TIFF *, tdata_t, tmsize_t) -> tmsize_t","TIFF * tif, tdata_t data, tmsize_t size","tmsize_t","signed long"
"t2p_write_pdf_stream_end","t2pWriteFile","/src/libtiff/tools/tiff2pdf.c","/src/libtiff/tools/tiff2pdf.c",4613,4621,442,442,"t2p_write_pdf_stream_end(TIFF *) -> tsize_t","TIFF * output","tsize_t","signed long","t2pWriteFile(TIFF *, tdata_t, tmsize_t) -> tmsize_t","TIFF * tif, tdata_t data, tmsize_t size","tmsize_t","signed long"
