"caller","callee","caller_src","callee_src","start_body_start_line","start_body_end_line","end_body_start_line","end_body_end_line","caller_signature","caller_parameter_string","caller_return_type","caller_return_type_inferred","callee_signature","callee_parameter_string","callee_return_type","callee_return_type_inferred"
"PackXYZDoubleFrom16","cmsXYZEncoded2Float","/src/lcms/src/cmspack.c","/src/lcms/src/cmspcs.c",2374,2396,429,429,"PackXYZDoubleFrom16(_cmsTRANSFORM *, cmsUInt16Number[], cmsUInt8Number *, cmsUInt32Number) -> cmsUInt8Number *","_cmsTRANSFORM * Info, cmsUInt16Number[] wOut, cmsUInt8Number * output, cmsUInt32Number Stride","cmsUInt8Number *","unsigned char *","cmsXYZEncoded2Float(cmsCIEXYZ *, const cmsUInt16Number[3]) -> void","cmsCIEXYZ * fXYZ, const cmsUInt16Number[3] XYZ","void","void"
"PackXYZDoubleFrom16","PixelSize","/src/lcms/src/cmspack.c","/src/lcms/src/cmspack.c",2374,2396,942,942,"PackXYZDoubleFrom16(_cmsTRANSFORM *, cmsUInt16Number[], cmsUInt8Number *, cmsUInt32Number) -> cmsUInt8Number *","_cmsTRANSFORM * Info, cmsUInt16Number[] wOut, cmsUInt8Number * output, cmsUInt32Number Stride","cmsUInt8Number *","unsigned char *","PixelSize(cmsUInt32Number) -> cmsUInt32Number","cmsUInt32Number Format","cmsUInt32Number","unsigned int"
